b0
02
00
01
f0
00
00
00
12
00
00
54
0d
20
04
60
02
20
78
54
02
00
04
6c
14
00
78
54
0e
20
04
60
1e
00
78
54
01
00
04
6c
10
00
78
54
0c
20
04
60
1a
00
78
54
03
00
04
6c
0c
00
78
54
0a
00
84
44
1d
00
78
54
01
00
04
6c
04
20
04
46
01
20
80
6c
00
00
00
6d
4a
82
86
5c
78
26
84
44
0d
f0
ad
ba
01
20
04
60
0d
00
78
54
ff
ff
83
57
00
1c
1c
5c
08
00
98
44
dc
3f
88
45
0a
00
8c
44
03
40
04
51
07
40
08
46
30
40
08
46
02
e0
40
4d
04
20
84
45
01
c0
98
46
e0
df
dc
50
00
c0
03
58
00
1c
1c
5c
00
20
08
48
00
40
0c
50
02
e0
40
4d
01
20
04
46
fb
ff
83
57
00
c0
03
58
00
1c
1c
5c
01
e0
40
4d
00
c0
03
58
45
58
43
45
50
54
49
4f
4e
20
43
41
55
53
45
3d
00
00
00
00
20
45
50
43
3d
00
00
00
20
45
44
41
54
41
3d
00
45
4e
44
20
4f
46
20
50
52
4f
47
52
41
4d
0a
00
f0
0a
3c
5c
