b0
02
00
01
60
20
00
00
80
00
7c
5c
00
01
f4
44
1e
40
78
54
0a
20
f9
54
00
1c
04
5c
44
20
08
49
00
40
08
50
00
00
f8
40
00
c0
03
58
00
00
88
40
02
20
10
4d
12
00
0f
5e
80
66
8c
44
01
60
8c
46
e0
7f
f8
50
ff
4f
08
45
f9
ff
83
57
10
e0
ff
46
00
1c
1c
5c
00
20
8c
51
2d
00
88
44
02
e0
40
4d
01
00
84
42
00
e0
9b
40
0a
20
08
6b
0a
20
04
6a
30
40
08
46
02
c0
00
4c
01
c0
18
46
e0
3f
e8
50
01
c0
98
46
00
c0
08
48
02
e0
40
4d
ff
df
f0
50
10
e0
7f
46
00
c0
03
58
00
1c
1c
5c
fc
3f
08
49
01
40
08
42
03
00
00
54
00
20
0c
48
03
e0
40
4d
01
20
04
46
e2
3f
f0
50
00
c0
03
58
00
1c
1c
5c
01
e0
40
4d
00
c0
03
58
fc
3f
0c
49
fc
5f
10
49
00
60
94
40
04
60
04
51
00
80
94
40
01
a0
14
42
06
00
00
54
00
20
20
48
00
40
18
48
06
00
a1
42
00
00
91
50
01
20
04
46
01
40
08
46
e5
3f
64
51
04
60
a0
42
00
c0
03
58
fc
3f
0c
49
fc
5f
10
49
00
00
a0
40
04
60
a0
50
01
60
0c
42
00
20
10
49
00
40
14
49
05
80
90
50
04
20
04
46
04
40
08
46
e3
3f
68
51
01
00
a0
44
00
c0
03
58
00
60
48
50
02
20
90
40
03
80
10
44
04
00
94
44
00
80
18
50
0c
00
00
54
00
40
10
49
04
20
00
4d
04
20
04
46
04
40
08
46
04
60
8c
46
e5
7f
e8
51
05
00
00
54
00
40
10
48
04
20
00
4c
01
20
04
46
01
40
08
46
01
60
8c
46
e0
7f
e8
50
00
c0
03
58
02
00
04
5c
01
a0
03
4d
7e
e0
86
5f
00
a0
0b
49
01
40
00
4d
00
00
84
40
00
a0
0b
49
01
40
10
4d
00
c0
03
58
02
20
00
4d
00
a0
13
49
00
00
8c
40
02
00
00
54
00
80
8c
40
04
80
10
49
00
00
94
40
05
80
84
50
02
00
00
54
00
80
14
49
e2
bf
64
51
00
00
88
40
02
60
04
50
04
00
00
54
00
a0
0b
49
02
20
10
4d
01
a0
03
4d
03
00
00
54
04
60
08
49
02
20
10
4d
01
60
10
4d
00
c0
03
58
08
e0
ff
46
09
e0
03
4d
1e
e0
13
4d
00
20
8c
40
00
00
88
40
00
a0
27
49
02
00
00
54
00
20
89
40
04
20
25
49
00
00
84
40
01
20
85
50
02
00
00
54
00
20
05
49
e3
3f
64
51
00
00
84
40
01
20
05
50
02
00
00
54
01
0e
84
44
01
00
80
6d
00
00
84
40
01
40
04
50
03
00
00
54
04
20
05
49
01
a0
03
4d
02
00
00
54
04
20
05
49
01
40
10
4d
00
20
05
49
03
20
88
42
00
00
84
40
02
20
04
51
02
00
00
54
03
20
05
42
e8
df
fb
57
00
20
a1
40
00
e0
27
49
04
e0
7b
49
08
e0
7f
46
00
c0
03
58
0c
e0
ff
46
09
e0
03
4d
0a
e0
13
4d
1e
e0
23
4d
00
20
a4
40
00
20
05
49
08
20
04
46
0f
20
04
46
f0
3f
28
44
00
40
85
40
ee
df
fb
57
01
40
85
44
01
00
01
4d
09
00
11
4d
08
00
21
46
00
e0
27
49
04
e0
2b
49
08
e0
7b
49
0c
e0
7f
46
00
c0
03
58
14
e0
ff
46
09
e0
03
4d
0a
e0
13
4d
0b
e0
23
4d
0c
e0
33
4d
1e
e0
43
4d
00
20
a4
40
00
40
a8
40
00
60
ac
40
0a
20
05
64
08
20
04
46
0f
20
04
46
f0
3f
30
44
00
80
85
40
f6
bf
fb
57
02
80
85
44
01
00
01
4d
09
00
11
4d
08
00
21
46
00
60
85
50
0c
00
00
54
0a
20
05
64
04
20
8c
6a
00
00
85
40
00
00
88
40
06
00
00
54
00
00
90
40
fc
3f
14
49
05
40
14
71
05
20
14
42
04
a0
00
4d
01
40
08
46
e3
5f
64
51
00
e0
27
49
04
e0
2b
49
08
e0
2f
49
0c
e0
33
49
10
e0
7b
49
14
e0
7f
46
00
c0
03
58
04
e0
ff
46
1e
e0
03
4d
00
00
88
40
02
20
04
50
01
00
00
54
0b
00
00
54
08
20
8c
46
00
60
08
49
0f
40
04
44
00
00
90
40
04
20
04
50
02
00
00
54
02
0e
84
44
01
00
80
6d
f0
5f
08
44
00
60
84
40
f6
7f
fb
57
00
e0
7b
49
04
e0
7f
46
00
c0
03
58
14
e0
ff
46
09
e0
03
4d
0a
e0
13
4d
0b
e0
23
4d
0c
e0
33
4d
1e
e0
43
4d
02
00
24
5c
1b
a0
86
60
e4
3f
fb
57
11
20
00
54
00
20
ad
40
00
60
05
49
0f
20
30
44
f0
3f
28
44
00
20
85
40
14
20
78
54
01
00
84
44
01
80
15
50
02
00
84
44
01
80
41
50
00
00
84
40
01
80
69
50
03
20
00
54
04
20
05
49
04
20
2c
49
0d
a0
86
60
f2
1f
fb
57
00
40
85
40
fd
ff
fa
57
0e
a0
86
60
ee
1f
fb
57
00
60
85
40
ec
1f
fb
57
0d
a0
86
60
ea
1f
fb
57
16
00
00
54
04
20
2d
49
0b
a0
86
60
e6
1f
fb
57
00
40
85
40
f1
ff
fa
57
0c
a0
86
60
e2
1f
fb
57
00
60
85
40
ed
ff
fa
57
01
a0
86
60
fe
ff
fa
57
0a
00
00
54
0a
a0
86
60
fb
ff
fa
57
00
40
85
40
e6
ff
fa
57
09
a0
86
60
f7
ff
fa
57
04
60
05
49
0c
00
78
54
16
80
86
60
f3
ff
fa
57
0a
20
25
42
60
00
87
5f
c1
3f
35
51
00
e0
27
49
04
e0
2b
49
08
e0
2f
49
0c
e0
33
49
10
e0
7b
49
14
e0
7f
46
00
c0
03
58
10
e0
ff
46
09
e0
03
4d
0a
e0
13
4d
0b
e0
23
4d
1e
e0
33
4d
00
20
a4
40
07
00
a8
44
00
00
ac
40
0b
00
00
54
04
40
05
68
c1
3f
85
41
0f
20
04
44
0a
00
88
44
02
20
04
51
02
00
00
54
e6
df
fa
57
02
00
00
54
37
20
04
46
ff
df
fa
57
01
40
a9
46
eb
5f
d1
51
00
e0
27
49
04
e0
2b
49
08
e0
2f
49
0c
e0
7b
49
10
e0
7f
46
00
c0
03
58
10
e0
ff
46
09
e0
03
4d
0a
e0
13
4d
0b
e0
23
4d
1e
e0
33
4d
00
20
a8
40
00
40
ac
40
00
40
25
49
01
00
88
44
01
00
8c
44
00
60
85
40
f9
5f
fb
57
08
40
01
4d
04
40
05
49
01
60
85
51
02
00
00
54
04
40
0d
49
01
00
00
54
00
60
8d
40
00
40
05
49
00
20
89
40
e1
ff
fa
57
00
20
09
50
00
20
85
40
f4
7f
fb
57
00
e0
27
49
04
e0
2b
49
08
e0
2f
49
0c
e0
7b
49
10
e0
7f
46
00
c0
03
58
10
e0
ff
46
09
e0
03
4d
0a
e0
13
4d
0b
e0
23
4d
1e
e0
33
4d
00
20
a4
40
00
40
a8
40
04
20
05
49
fc
5f
09
49
02
20
2c
42
00
20
05
49
fc
3f
04
49
0b
20
04
51
03
00
00
54
00
20
85
40
00
60
89
40
f0
df
fb
57
00
20
05
49
04
20
09
49
02
20
04
42
00
40
89
40
fc
5f
0d
49
e1
df
fa
57
0b
20
11
4d
00
e0
27
49
04
e0
2b
49
08
e0
2f
49
0c
e0
7b
49
10
e0
7f
46
00
c0
03
58
0c
e0
ff
46
09
e0
03
4d
0a
e0
13
4d
1e
e0
23
4d
00
20
a4
40
00
40
a8
40
04
20
05
49
00
20
09
49
fc
5f
08
49
02
20
04
50
04
00
00
54
04
20
05
49
02
20
08
68
00
20
85
40
f4
bf
fb
57
00
20
05
49
04
20
09
49
fc
3f
0c
49
03
40
08
70
02
20
04
42
0a
20
00
4c
04
20
05
49
01
20
04
46
01
20
11
4d
00
e0
27
49
04
e0
2b
49
08
e0
7b
49
0c
e0
7f
46
00
c0
03
58
1c
e0
ff
46
09
e0
33
4d
0a
e0
43
4d
0b
e0
53
4d
1e
e0
63
4d
00
20
a4
40
00
e0
13
42
0c
80
04
46
00
80
00
4d
04
80
10
46
e1
9f
74
51
00
00
84
40
00
00
90
40
00
00
94
40
05
40
04
51
03
00
00
54
01
00
90
44
00
00
94
40
02
a0
88
42
0a
40
94
6b
30
a0
14
46
00
e0
1b
42
0c
00
9c
44
07
20
1c
70
07
c0
18
42
05
c0
00
4c
0a
40
88
6a
01
20
04
46
00
00
94
40
05
40
04
50
f4
ff
83
57
00
80
84
50
07
00
00
54
2d
00
88
44
00
e0
13
42
0c
00
94
44
05
20
14
70
05
80
10
42
02
80
00
4c
01
20
04
46
00
00
88
40
01
60
8c
42
08
00
00
54
20
00
90
44
00
e0
17
42
02
20
18
42
0c
00
9c
44
07
c0
18
70
06
a0
14
42
04
a0
00
4c
01
40
08
46
e3
5f
5c
51
01
20
a8
46
00
00
ac
40
08
00
00
54
00
e0
07
42
0c
00
88
44
02
40
09
70
02
20
04
42
00
20
08
48
00
20
85
40
e5
bf
fb
57
01
40
a9
46
eb
5f
dd
51
0c
e0
27
49
10
e0
2b
49
14
e0
2f
49
18
e0
7b
49
1c
e0
7f
46
00
c0
03
58
18
e0
ff
46
09
e0
23
4d
0a
e0
33
4d
0b
e0
43
4d
1e
e0
53
4d
00
20
a4
40
00
e0
13
42
08
80
04
46
00
80
00
4d
04
80
10
46
e1
9f
74
51
00
00
84
40
0f
40
10
44
09
00
94
44
04
a0
84
51
02
00
00
54
30
80
10
46
02
00
00
54
0a
80
90
46
41
80
10
46
00
e0
17
42
08
00
98
44
06
20
18
70
06
a0
14
42
04
a0
00
4c
c4
5f
88
45
01
20
04
46
00
00
90
40
04
40
04
50
ee
ff
83
57
00
00
88
40
01
60
8c
42
08
00
00
54
20
00
90
44
00
e0
17
42
02
20
18
42
08
00
9c
44
07
c0
18
70
06
a0
14
42
04
a0
00
4c
01
40
08
46
e3
5f
5c
51
01
20
a8
46
00
00
ac
40
08
00
00
54
00
e0
07
42
08
00
88
44
02
40
09
70
02
20
04
42
00
20
08
48
00
20
85
40
e9
7f
fb
57
01
40
a9
46
eb
5f
dd
51
08
e0
27
49
0c
e0
2b
49
10
e0
2f
49
14
e0
7b
49
18
e0
7f
46
00
c0
03
58
0c
e0
ff
46
09
e0
03
4d
0a
e0
13
4d
1e
e0
23
4d
00
20
a4
40
04
20
05
49
01
00
88
44
01
00
8c
44
e0
9f
fa
57
00
00
a9
40
00
40
85
40
00
20
09
49
04
20
0d
49
ed
1f
fa
57
00
40
a1
40
00
e0
27
49
04
e0
2b
49
08
e0
7b
49
0c
e0
7f
46
00
c0
03
58
04
e0
ff
46
1e
e0
03
4d
00
20
04
49
00
20
04
50
f8
9f
fa
57
00
e0
7b
49
04
e0
7f
46
00
c0
03
58
10
e0
ff
46
09
e0
03
4d
0a
e0
13
4d
0b
e0
23
4d
1e
e0
33
4d
00
20
a4
40
00
40
a8
40
00
20
05
49
04
20
09
49
fc
5f
08
49
02
20
84
51
19
00
00
54
04
20
2d
49
04
20
05
49
fc
3f
04
49
02
20
04
68
04
00
88
44
01
00
8c
44
fa
5f
fa
57
08
20
11
4d
00
00
84
40
fc
7f
09
49
0a
00
00
54
fc
7f
0d
49
03
20
0c
71
03
60
0d
42
00
60
0c
49
04
20
11
49
fc
9f
14
49
05
20
14
71
05
80
10
42
03
80
00
4d
01
20
04
46
e2
3f
54
51
00
60
09
50
00
60
85
40
f0
7f
fa
57
04
20
05
49
00
20
09
49
fc
3f
0c
49
03
40
08
71
02
20
04
42
0a
20
00
4d
00
20
05
49
01
20
04
46
01
20
01
4d
00
e0
27
49
04
e0
2b
49
08
e0
2f
49
0c
e0
7b
49
10
e0
7f
46
00
c0
03
58
04
20
04
49
fc
3f
0c
49
03
40
08
71
02
20
04
42
00
20
20
49
00
c0
03
58
04
20
04
49
fc
3f
10
49
04
40
08
71
02
20
04
42
03
20
00
4d
00
c0
03
58
00
20
04
49
00
20
20
41
01
00
a1
47
00
c0
03
58
00
20
04
49
01
20
20
47
01
00
21
45
00
c0
03
58
00
20
88
40
00
40
04
49
00
00
8c
40
03
20
04
50
02
00
00
54
04
0e
84
44
01
00
80
6d
00
40
04
49
01
20
84
46
01
40
00
4d
04
40
04
49
00
40
08
49
fc
3f
0c
49
03
40
08
71
02
20
04
42
00
20
20
49
00
c0
03
58
00
00
88
40
02
20
00
4d
00
c0
03
58
04
20
0c
49
fc
7f
10
49
04
40
10
71
04
60
0c
42
00
60
20
49
00
20
0c
49
01
60
8c
46
0c
00
00
54
04
20
10
49
01
40
14
46
fc
9f
18
49
06
a0
14
71
05
80
10
42
00
80
10
49
04
20
14
49
fc
bf
18
49
06
40
18
71
06
a0
14
42
04
a0
00
4d
01
40
08
46
e3
5f
4c
51
00
20
08
49
01
40
88
46
02
20
00
4d
00
c0
03
58
00
00
8c
40
00
20
10
49
1e
00
00
54
04
20
14
49
fc
bf
18
49
06
60
18
71
06
a0
14
42
00
a0
14
49
02
a0
04
50
16
00
00
54
00
60
88
40
00
20
0c
49
01
60
8c
46
0c
00
00
54
04
20
10
49
01
40
14
46
fc
9f
18
49
06
a0
14
71
05
80
10
42
00
80
10
49
04
20
14
49
fc
bf
18
49
06
40
18
71
06
a0
14
42
04
a0
00
4d
01
40
08
46
e3
5f
4c
51
00
20
08
49
01
40
88
46
02
20
00
4d
01
00
a0
44
03
00
00
54
01
60
0c
46
e4
7f
04
51
00
00
a0
40
00
c0
03
58
00
00
a0
40
00
20
0c
49
09
00
00
54
04
20
10
49
fc
9f
14
49
05
00
15
71
05
80
10
42
00
80
10
49
02
80
04
50
01
00
00
54
03
00
00
54
01
00
21
46
e3
1f
59
51
ff
1f
a0
44
00
c0
03
58
14
e0
ff
46
09
e0
03
4d
0a
e0
13
4d
0b
e0
23
4d
0c
e0
33
4d
1e
e0
43
4d
00
20
a4
40
00
40
ac
40
00
60
a8
40
00
20
05
49
04
20
09
49
fc
5f
08
49
02
20
84
51
19
00
00
54
04
20
31
49
04
20
05
49
fc
3f
04
49
02
20
04
68
04
00
88
44
01
00
8c
44
f0
bf
f9
57
08
20
11
4d
00
00
84
40
fc
9f
09
49
0a
00
00
54
fc
9f
0d
49
03
20
0c
71
03
80
0d
42
00
60
0c
49
04
20
11
49
fc
9f
14
49
05
20
14
71
05
80
10
42
03
80
00
4d
01
20
04
46
e2
3f
54
51
00
80
09
50
00
80
85
40
e6
df
f9
57
00
20
05
49
01
20
84
46
0c
00
00
54
04
20
09
49
fc
5f
0c
49
03
20
0c
71
03
40
08
42
00
40
08
49
04
20
0d
49
01
20
10
46
fc
7f
14
49
05
80
10
71
04
60
0c
42
02
60
00
4d
01
20
84
46
eb
3f
cc
51
04
20
05
49
fc
3f
08
49
02
60
09
71
02
20
04
42
0a
20
00
4d
00
20
05
49
01
20
04
46
01
20
01
4d
00
e0
27
49
04
e0
2b
49
08
e0
2f
49
0c
e0
33
49
10
e0
7b
49
14
e0
7f
46
00
c0
03
58
00
00
8c
40
00
20
10
49
0a
00
00
54
04
20
14
49
fc
bf
18
49
06
60
18
71
06
a0
14
42
00
a0
14
49
02
a0
04
50
02
00
00
54
01
00
a0
44
03
00
00
54
01
60
0c
46
e4
7f
54
51
00
00
a0
40
00
c0
03
58
00
20
8c
40
00
00
84
40
01
40
0c
51
00
60
04
49
01
40
84
51
02
00
00
54
10
0e
84
44
01
00
80
6d
c5
5f
84
45
1f
40
08
44
04
60
10
49
fc
9f
14
49
05
20
14
71
05
80
10
42
00
80
10
49
01
00
94
44
02
a0
88
41
02
80
88
40
04
60
0c
49
fc
7f
10
49
04
20
04
71
01
60
04
42
02
20
00
4d
00
c0
03
58
00
20
8c
40
00
00
84
40
01
40
0c
51
00
60
04
49
01
40
84
51
02
00
00
54
10
0e
84
44
01
00
80
6d
c5
5f
84
45
1f
40
08
44
04
60
10
49
fc
9f
14
49
05
20
14
71
05
80
10
42
00
80
10
49
01
00
94
44
02
a0
88
41
ff
5f
08
45
02
80
08
40
04
60
0c
49
fc
7f
10
49
04
20
04
71
01
60
04
42
02
20
00
4d
00
c0
03
58
00
20
8c
40
00
00
84
40
01
40
0c
51
00
60
04
49
01
40
84
51
02
00
00
54
10
0e
84
44
01
00
80
6d
c5
5f
90
45
1f
40
04
44
04
60
08
49
fc
5f
0c
49
03
80
0c
71
03
40
08
42
00
40
08
49
01
00
8c
44
01
60
84
41
01
40
04
40
00
20
20
41
08
00
a0
43
00
c0
03
58
00
00
88
40
04
20
0c
49
fc
7f
0c
49
17
00
00
54
04
20
10
49
fc
9f
14
49
05
40
14
71
05
80
10
42
00
80
10
49
ff
1f
94
44
05
80
84
50
0e
00
00
54
00
00
94
40
1f
00
98
44
0a
00
00
54
01
00
9c
44
05
e0
9c
41
07
80
1c
40
00
00
a0
40
08
e0
04
50
03
00
00
54
05
40
84
45
05
20
a0
40
05
00
00
54
01
a0
14
46
e5
df
d4
51
01
40
08
46
e3
5f
20
51
ff
1f
a0
44
00
c0
03
58
18
e0
ff
46
09
e0
03
4d
0a
e0
13
4d
0b
e0
23
4d
0c
e0
33
4d
0d
e0
43
4d
1e
e0
53
4d
00
20
a8
40
00
60
a4
40
fc
5f
05
49
01
40
ac
42
00
00
84
40
01
20
85
50
06
00
00
54
00
00
b0
40
03
00
00
54
20
00
84
44
eb
7f
f8
57
01
80
31
46
eb
9f
71
51
00
00
b0
40
fc
5f
35
49
06
00
00
54
fc
5f
05
49
01
80
05
70
01
40
05
42
00
20
04
48
e1
7f
f8
57
01
80
31
46
ed
9f
65
51
00
00
84
40
01
20
05
50
06
00
00
54
00
00
a4
40
03
00
00
54
20
00
84
44
f8
5f
f8
57
01
20
25
46
eb
3f
71
51
00
e0
27
49
04
e0
2b
49
08
e0
2f
49
0c
e0
33
49
10
e0
37
49
14
e0
7b
49
18
e0
7f
46
00
c0
03
58
24
e0
ff
46
09
e0
43
4d
0a
e0
53
4d
0b
e0
63
4d
0c
e0
73
4d
3e
e0
03
4d
00
00
a4
40
00
00
90
40
04
20
04
51
03
00
00
54
01
00
a4
44
00
00
90
40
01
80
84
42
00
e0
17
42
10
a0
10
46
00
a0
00
4d
04
a0
14
46
e4
bf
74
51
00
00
a8
40
0a
20
90
6b
30
80
10
46
00
e0
17
42
10
00
98
44
06
40
19
70
06
a0
14
42
04
a0
00
4c
01
40
29
46
0a
20
84
6a
00
00
90
40
04
20
04
50
f4
ff
83
57
0a
40
84
42
09
20
ac
42
00
00
84
40
01
60
10
50
01
00
84
44
01
60
64
50
0f
20
00
54
04
40
00
54
01
00
84
44
01
20
05
50
02
00
00
54
2d
00
84
44
e2
3f
f8
57
01
40
a5
46
00
00
a8
40
07
00
00
54
00
e0
07
42
10
00
88
44
02
20
09
70
02
20
04
42
00
20
04
48
f9
1f
f8
57
01
20
a5
46
ea
3f
e1
51
00
00
a4
40
03
00
00
54
20
00
84
44
f3
1f
f8
57
01
20
25
46
eb
3f
71
51
0d
20
00
54
00
00
b0
40
03
00
00
54
20
00
84
44
ec
1f
f8
57
01
80
31
46
eb
9f
71
51
01
00
84
44
01
20
05
50
02
00
00
54
2d
00
84
44
e5
1f
f8
57
01
40
a5
46
00
00
a8
40
07
00
00
54
00
e0
07
42
10
00
88
44
02
20
09
70
02
20
04
42
00
20
04
48
fc
ff
7b
57
01
20
a5
46
ea
3f
e1
51
16
00
00
54
01
00
84
44
01
20
05
50
02
00
00
54
2d
00
84
44
f4
ff
7b
57
00
00
a4
40
03
00
00
54
30
00
84
44
f0
ff
7b
57
01
20
25
46
eb
3f
71
51
01
40
a5
46
00
00
a8
40
07
00
00
54
00
e0
07
42
10
00
88
44
02
20
09
70
02
20
04
42
00
20
04
48
e5
ff
7b
57
01
20
a5
46
ea
3f
e1
51
10
e0
27
49
14
e0
2b
49
18
e0
2f
49
1c
e0
33
49
20
e0
7b
49
24
e0
7f
46
00
c0
03
58
20
e0
ff
46
09
e0
43
4d
0a
e0
53
4d
0b
e0
63
4d
1e
e0
73
4d
00
e0
17
42
10
a0
10
46
00
a0
00
4d
04
a0
14
46
e4
bf
74
51
00
00
a4
40
0f
20
10
44
0a
00
94
44
05
80
04
51
07
00
00
54
30
80
10
46
00
e0
17
42
10
00
98
44
06
20
19
70
06
a0
14
42
04
a0
00
4c
07
00
00
54
0a
80
90
46
41
80
10
46
00
e0
17
42
10
00
98
44
06
20
19
70
06
a0
14
42
04
a0
00
4c
01
20
25
46
c4
3f
84
45
00
00
90
40
04
20
04
50
e9
ff
83
57
09
40
a8
42
00
00
84
40
01
60
10
50
01
00
84
44
01
60
50
50
05
20
00
54
15
20
00
54
01
20
a5
46
00
00
ac
40
07
00
00
54
00
e0
07
42
10
00
88
44
02
20
09
70
02
20
04
42
00
20
04
48
ea
bf
7b
57
01
20
a5
46
eb
3f
e1
51
00
00
a4
40
03
00
00
54
20
00
84
44
e4
bf
7b
57
01
20
25
46
ea
3f
71
51
03
20
00
54
00
00
ac
40
03
00
00
54
20
00
84
44
fd
9f
7b
57
01
60
2d
46
ea
7f
71
51
01
20
a5
46
00
00
a8
40
07
00
00
54
00
e0
07
42
10
00
88
44
02
20
09
70
02
20
04
42
00
20
04
48
f2
9f
7b
57
01
20
a5
46
ea
3f
e1
51
11
00
00
54
00
00
ac
40
03
00
00
54
30
00
84
44
eb
9f
7b
57
01
60
2d
46
ea
7f
71
51
01
20
a5
46
00
00
a8
40
07
00
00
54
00
e0
07
42
10
00
88
44
02
20
09
70
02
20
04
42
00
20
04
48
e0
9f
7b
57
01
20
a5
46
ea
3f
e1
51
10
e0
27
49
14
e0
2b
49
18
e0
2f
49
1c
e0
7b
49
20
e0
7f
46
00
c0
03
58
20
e0
ff
46
09
e0
03
4d
0a
e0
13
4d
0b
e0
23
4d
0c
e0
33
4d
0d
e0
43
4d
0e
e0
53
4d
0f
e0
63
4d
1e
e0
73
4d
00
40
a4
40
00
00
bc
40
00
00
ac
40
01
00
b0
44
00
00
b4
40
fc
3f
08
49
01
40
08
68
02
20
28
42
00
20
b8
40
1b
40
00
54
00
c0
05
48
00
e0
85
50
0f
40
00
54
64
00
88
44
02
20
04
50
0a
00
00
54
fc
3f
05
49
01
a0
05
71
01
20
05
42
00
20
04
49
00
60
89
40
00
80
8d
40
ea
1f
fb
57
01
a0
35
46
00
00
bc
40
01
40
00
54
78
00
88
44
02
20
04
50
0a
00
00
54
fc
3f
05
49
01
a0
05
71
01
20
05
42
00
20
04
49
00
60
89
40
00
80
8d
40
ef
7f
fb
57
01
a0
35
46
00
00
bc
40
14
20
00
54
73
00
88
44
02
20
04
50
0a
00
00
54
fc
3f
05
49
01
a0
05
71
01
20
05
42
00
20
04
49
00
60
89
40
00
80
8d
40
e1
df
fa
57
01
a0
35
46
00
00
bc
40
07
20
00
54
63
00
88
44
02
20
04
50
08
00
00
54
fc
3f
05
49
01
a0
05
71
01
20
05
42
00
20
04
49
f3
3f
7b
57
01
a0
35
46
00
00
bc
40
1c
00
00
54
30
00
88
44
02
20
04
50
02
00
00
54
00
00
88
40
02
60
05
50
02
00
00
54
02
00
b0
44
14
00
00
54
2d
00
88
44
02
20
04
50
02
00
00
54
00
00
88
40
02
60
05
50
02
00
00
54
00
00
b0
40
0c
00
00
54
30
00
88
44
02
20
84
51
02
00
00
54
39
00
88
44
01
40
84
51
04
00
00
54
0a
60
09
68
30
20
84
46
01
40
2c
42
02
00
00
54
f5
1f
7b
57
00
00
bc
40
08
00
00
54
25
00
88
44
02
20
04
50
04
00
00
54
01
00
bc
44
00
00
ac
40
01
00
b0
44
01
00
00
54
eb
1f
7b
57
01
c0
39
46
aa
df
11
51
00
e0
27
49
04
e0
2b
49
08
e0
2f
49
0c
e0
33
49
10
e0
37
49
14
e0
3b
49
18
e0
3f
49
1c
e0
7b
49
20
e0
7f
46
00
c0
03
58
1c
e0
ff
46
09
e0
03
4d
0a
e0
13
4d
0b
e0
23
4d
0c
e0
33
4d
0d
e0
43
4d
0e
e0
53
4d
1e
e0
63
4d
00
80
06
60
ef
7f
7b
57
00
00
ad
40
00
60
85
40
14
40
7a
54
00
00
88
40
00
00
8c
40
40
01
90
44
90
01
94
44
18
80
1a
60
00
60
85
40
12
a0
79
54
00
00
85
40
09
80
79
54
00
00
a5
40
64
00
88
44
64
00
8c
44
90
01
90
44
96
00
94
44
00
20
85
40
1f
c0
78
54
80
00
88
44
00
20
85
40
13
a0
78
54
64
00
88
44
64
00
8c
44
90
01
90
44
96
00
94
44
00
20
85
40
0b
e0
78
54
78
00
88
44
50
00
8c
44
2c
01
90
44
c8
00
94
44
02
80
1a
60
00
60
85
40
19
80
79
54
00
00
a5
40
00
20
85
40
0f
60
79
54
00
00
a9
40
64
00
88
44
0a
00
8c
44
1c
60
12
60
00
40
85
40
10
e0
78
54
78
00
88
44
50
00
8c
44
2c
01
90
44
c8
00
94
44
19
60
1a
60
00
60
85
40
09
80
79
54
00
00
85
40
00
60
79
54
00
00
ad
40
82
00
88
44
00
60
85
40
10
80
78
54
00
00
88
40
00
00
8c
40
2c
01
90
44
c8
00
94
44
00
60
85
40
08
c0
78
54
2c
01
88
44
00
00
8c
40
00
00
90
40
c8
00
94
44
00
60
85
40
02
c0
78
54
64
00
ac
44
64
00
b0
44
01
00
b4
44
01
00
b8
44
18
00
00
54
00
20
85
40
00
60
89
40
00
80
8d
40
06
60
79
54
0d
60
2d
42
0e
80
31
42
90
01
84
44
01
60
85
51
01
00
00
54
ff
1f
b4
44
00
00
84
40
0b
20
84
51
01
00
00
54
01
00
b4
44
2c
01
84
44
01
80
85
51
01
00
00
54
ff
1f
b8
44
00
00
84
40
0c
20
84
51
01
00
00
54
01
00
b8
44
00
40
85
40
19
c0
78
54
01
00
84
44
e0
3f
98
50
00
e0
27
49
04
e0
2b
49
08
e0
2f
49
0c
e0
33
49
10
e0
37
49
14
e0
3b
49
18
e0
7b
49
1c
e0
7f
46
00
c0
03
58
00
00
00
54
00
1c
08
5c
34
40
88
44
00
40
08
49
08
00
8c
44
e3
5f
6c
51
00
20
08
49
00
1c
0c
5c
34
60
8c
44
02
60
10
4d
04
20
08
49
00
1c
0c
5c
34
60
8c
44
02
60
20
4d
01
00
88
44
00
1c
0c
5c
34
60
8c
44
02
60
00
4d
14
20
08
49
10
40
88
45
0c
20
0c
49
03
40
88
40
00
1c
0c
5c
34
60
8c
44
02
60
10
4d
18
20
08
49
10
40
88
45
10
20
0c
49
03
40
88
40
00
1c
0c
5c
34
60
8c
44
02
60
20
4d
02
00
88
44
00
1c
0c
5c
34
60
8c
44
02
60
00
4d
0c
20
08
49
00
1c
0c
5c
34
60
8c
44
02
60
10
4d
14
20
08
49
00
1c
0c
5c
34
60
8c
44
02
60
20
4d
03
00
88
44
00
1c
0c
5c
34
60
8c
44
02
60
00
4d
1c
20
08
49
00
1c
0c
5c
34
60
8c
44
02
60
10
4d
20
20
08
49
00
1c
0c
5c
34
60
8c
44
02
60
20
4d
04
00
88
44
00
1c
0c
5c
34
60
8c
44
02
60
00
4d
28
20
08
49
00
1c
0c
5c
34
60
8c
44
02
60
10
4d
00
04
08
5c
2c
20
0c
49
30
20
10
49
04
60
0c
64
08
60
8c
6a
10
60
8c
45
03
40
88
40
30
20
0c
49
08
60
8c
45
03
40
88
40
2c
20
0c
49
03
40
88
40
00
1c
0c
5c
34
60
8c
44
02
60
20
4d
0b
00
88
44
00
1c
0c
5c
34
60
8c
44
02
60
00
4d
24
20
04
49
00
1c
08
5c
34
40
88
44
01
40
10
4d
0c
00
84
44
00
1c
08
5c
34
40
88
44
01
40
00
4d
00
c0
03
58
02
20
70
4d
1c
20
08
49
00
1c
0c
5c
34
60
8c
44
02
60
10
4d
20
20
04
49
00
1c
08
5c
34
40
88
44
01
40
20
4d
00
00
00
54
00
1c
04
5c
34
20
84
44
00
20
04
49
01
00
88
44
e1
5f
ec
51
04
00
84
44
00
1c
08
5c
34
40
88
44
01
40
00
4d
00
c0
03
58
02
20
70
4d
23
20
00
4d
1c
20
08
49
00
1c
0c
5c
34
60
8c
44
02
60
10
4d
20
20
04
49
00
1c
08
5c
34
40
88
44
01
40
20
4d
00
00
00
54
00
1c
04
5c
34
20
84
44
00
20
04
49
01
00
88
44
e1
5f
ec
51
04
00
84
44
00
1c
08
5c
34
40
88
44
01
40
00
4d
00
c0
03
58
00
00
00
54
00
1c
04
5c
34
20
84
44
00
20
04
49
01
00
98
44
e1
df
ec
51
10
60
84
45
02
20
84
40
00
1c
08
5c
34
40
88
44
01
40
10
4d
10
a0
84
45
04
20
84
40
00
1c
08
5c
34
40
88
44
01
40
20
4d
05
00
84
44
00
1c
08
5c
34
40
88
44
01
40
00
4d
00
c0
03
58
10
60
84
45
02
20
84
40
00
1c
08
5c
34
40
88
44
01
40
10
4d
10
a0
84
45
04
20
84
40
00
1c
08
5c
34
40
88
44
01
40
20
4d
00
00
00
54
00
1c
04
5c
34
20
84
44
00
20
04
49
01
00
88
44
e1
5f
ec
51
06
00
84
44
00
1c
08
5c
34
40
88
44
01
40
00
4d
00
c0
03
58
00
00
94
40
fc
9f
18
49
1a
00
00
54
10
60
9c
45
2c
20
20
49
08
a0
20
64
08
40
20
42
08
e0
9c
40
00
1c
20
5c
34
00
a1
44
07
00
11
4d
fc
9f
1c
49
07
a0
1c
70
07
80
1c
42
00
e0
1c
48
00
1c
20
5c
34
00
a1
44
07
00
21
4d
00
00
00
54
00
1c
1c
5c
34
e0
9c
44
00
e0
1c
49
01
00
a0
44
e7
1f
ed
51
0a
00
9c
44
00
1c
20
5c
34
00
a1
44
07
00
01
4d
01
a0
14
46
e6
bf
14
51
00
c0
03
58
00
1c
04
5c
00
00
00
54
24
20
08
49
e0
01
8c
44
e3
5f
f4
51
00
00
00
54
24
20
08
49
e0
01
8c
44
e3
5f
74
51
00
c0
03
58
02
1c
08
5c
14
20
0c
49
20
60
0c
68
03
40
08
42
18
20
0c
49
03
40
00
4d
00
20
0c
49
03
40
10
4d
04
20
0c
49
03
40
20
4d
00
20
0c
49
08
20
10
49
04
60
0c
42
03
40
30
4d
04
20
0c
49
0c
20
10
49
04
60
0c
42
03
40
40
4d
08
20
04
49
01
40
50
4d
01
00
84
44
01
40
60
4d
00
c0
03
58
08
e0
ff
46
09
e0
03
4d
1e
e0
13
4d
00
20
a4
40
1c
20
05
49
eb
1f
fb
57
ff
00
88
44
1c
20
05
49
e4
7f
fb
57
00
00
88
40
00
00
8c
40
08
20
05
49
01
20
90
46
00
00
94
40
1c
20
05
49
fb
9f
fb
57
08
20
05
49
01
20
88
46
00
00
8c
40
08
20
05
49
01
20
90
46
0c
20
05
49
01
20
94
46
1c
20
05
49
f2
9f
fb
57
08
20
05
49
01
20
88
46
0c
20
05
49
01
20
8c
46
00
00
90
40
0c
20
05
49
01
20
94
46
1c
20
05
49
e9
9f
fb
57
00
00
88
40
0c
20
05
49
01
20
8c
46
00
00
90
40
00
00
94
40
1c
20
05
49
e2
9f
fb
57
00
00
88
40
0e
00
8c
44
08
20
05
49
01
20
90
46
0e
00
94
44
1c
20
05
49
fb
7f
fb
57
02
00
88
44
02
00
8c
44
10
20
11
49
1c
20
05
49
eb
9f
fb
57
00
e0
27
49
04
e0
7b
49
08
e0
7f
46
00
c0
03
58
0c
e0
ff
46
09
e0
03
4d
0a
e0
13
4d
1e
e0
23
4d
00
20
a4
40
00
e0
04
60
f3
df
79
57
00
00
a9
40
18
20
09
49
08
20
0d
49
0c
20
11
49
00
40
85
40
1a
60
78
54
02
00
84
44
01
40
31
4d
10
00
84
44
01
40
51
4d
08
20
05
49
02
20
84
46
01
40
41
4d
0c
20
05
49
02
20
84
46
01
40
61
4d
00
40
85
40
ff
bf
fa
57
00
40
a1
40
00
e0
27
49
04
e0
2b
49
08
e0
7b
49
0c
e0
7f
46
00
c0
03
58
04
e0
ff
46
1e
e0
03
4d
02
20
00
4d
03
20
10
4d
ec
9f
fb
57
00
e0
7b
49
04
e0
7f
46
00
c0
03
58
20
e0
ff
46
09
e0
03
4d
0a
e0
13
4d
0b
e0
23
4d
0c
e0
33
4d
0d
e0
43
4d
0e
e0
53
4d
0f
e0
63
4d
1e
e0
73
4d
00
20
a4
40
00
40
a8
40
00
60
ac
40
00
80
b0
40
00
a0
b4
40
00
c0
b8
40
11
a0
04
60
e2
bf
79
57
00
00
bd
40
00
20
05
49
00
20
1c
49
00
e0
85
40
00
40
89
40
00
60
8d
40
00
80
91
40
00
a0
95
40
00
c0
99
40
1b
40
78
54
00
20
05
49
00
e0
89
40
fc
3f
7b
57
00
e0
85
40
e9
7f
fb
57
00
e0
85
40
fe
7f
fb
57
00
e0
a1
40
00
e0
27
49
04
e0
2b
49
08
e0
2f
49
0c
e0
33
49
10
e0
37
49
14
e0
3b
49
18
e0
3f
49
1c
e0
7b
49
20
e0
7f
46
00
c0
03
58
00
c0
03
58
00
c0
03
58
00
c0
03
58
00
c0
03
58
08
e0
ff
46
09
e0
03
4d
1e
e0
13
4d
00
20
a4
40
08
00
84
44
01
00
88
44
01
00
8c
44
ee
9f
79
57
08
20
01
4d
00
00
84
40
01
20
11
4d
00
e0
27
49
04
e0
7b
49
08
e0
7f
46
00
c0
03
58
08
e0
ff
46
09
e0
03
4d
1e
e0
13
4d
00
20
a4
40
00
00
84
40
01
20
01
4d
08
00
84
44
04
00
88
44
01
00
8c
44
fd
7f
79
57
08
20
11
4d
00
e0
27
49
04
e0
7b
49
08
e0
7f
46
00
c0
03
58
08
e0
ff
46
09
e0
03
4d
1e
e0
13
4d
00
20
a4
40
02
20
01
4d
01
00
84
44
04
00
88
44
01
00
8c
44
ef
7f
79
57
08
20
11
4d
00
e0
27
49
04
e0
7b
49
08
e0
7f
46
00
c0
03
58
00
c0
03
58
00
c0
03
58
00
c0
03
58
02
20
00
4d
03
20
10
4d
04
20
20
4d
00
00
88
40
02
20
30
4d
03
20
40
4d
00
00
88
40
02
20
50
4d
04
20
60
4d
ff
00
88
44
02
20
70
4d
00
00
88
40
22
20
00
4d
00
01
88
44
22
20
10
4d
00
1e
08
5c
22
20
20
4d
08
00
88
44
22
20
30
4d
0c
00
88
44
22
20
40
4d
00
c0
03
58
14
e0
ff
46
09
e0
03
4d
0a
e0
13
4d
0b
e0
23
4d
0c
e0
33
4d
1e
e0
43
4d
00
20
a4
40
00
80
a8
40
00
a0
ac
40
02
20
01
4d
03
20
11
4d
0a
20
21
4d
0b
20
31
4d
06
20
41
4d
07
20
51
4d
0b
40
05
64
04
20
84
6a
04
00
88
44
01
00
8c
44
fd
3f
79
57
08
20
61
4d
13
20
04
60
e6
3f
79
57
00
00
b1
40
18
20
09
49
00
80
85
40
00
40
8d
40
00
60
91
40
ed
df
fb
57
0c
20
71
4d
00
e0
27
49
04
e0
2b
49
08
e0
2f
49
0c
e0
33
49
10
e0
7b
49
14
e0
7f
46
00
c0
03
58
0c
e0
ff
46
09
e0
03
4d
0a
e0
13
4d
1e
e0
23
4d
00
20
a4
40
14
00
04
60
f1
1f
79
57
00
00
a9
40
00
40
85
40
fb
9f
fb
57
0a
20
01
4d
00
e0
27
49
04
e0
2b
49
08
e0
7b
49
0c
e0
7f
46
00
c0
03
58
08
00
00
00
94
1f
ff
ff
08
00
00
00
a4
1f
ff
ff
08
00
00
00
b8
1f
ff
ff
08
00
00
00
cc
1f
ff
ff
08
00
00
00
e0
1f
ff
ff
08
00
00
00
f4
1f
ff
ff
08
00
00
00
fc
1f
ff
ff
48
00
00
00
0c
20
ff
ff
0c
00
00
00
18
20
ff
ff
1c
00
00
00
24
20
ff
ff
34
00
00
00
30
20
ff
ff
20
00
00
00
44
20
ff
ff
04
00
00
00
50
20
ff
ff
0c
00
00
00
4d
45
4d
4f
52
59
20
44
55
4d
50
0a
0e
00
00
00
20
4f
62
6a
65
63
74
3a
20
53
69
7a
65
3d
00
00
06
00
00
00
20
74
79
70
65
3d
00
00
01
00
00
00
0a
00
00
00
0d
00
00
00
20
41
72
72
61
79
3a
20
53
69
7a
65
3d
00
00
00
0d
00
00
00
20
4e
75
6d
45
6c
65
6d
65
6e
74
73
3d
00
00
00
07
00
00
00
20
46
72
65
65
3a
20
00
06
00
00
00
20
6e
65
78
74
3d
00
00
08
00
00
00
57
69
6e
64
6f
77
20
31
08
00
00
00
57
69
6e
64
6f
77
20
32
0c
00
00
00
48
65
6c
6c
6f
20
57
6f
72
6c
64
21
08
00
00
00
57
69
6e
64
6f
77
20
33
0c
00
00
00
46
72
65
65
4d
65
6d
42
6c
6f
63
6b
0d
00
00
00
41
72
72
61
79
4d
65
6d
42
6c
6f
63
6b
00
00
00
0e
00
00
00
4f
62
6a
65
63
74
4d
65
6d
42
6c
6f
63
6b
00
00
0f
00
00
00
43
6c
61
73
73
44
65
73
63
72
69
70
74
6f
72
00
0d
00
00
00
53
74
72
69
6e
67
42
75
69
6c
64
65
72
00
00
00
04
00
00
00
4c
69
73
74
09
00
00
00
42
69
74
56
65
63
74
6f
72
00
00
00
06
00
00
00
48
77
52
65
67
73
00
00
07
00
00
00
42
6c
69
74
74
65
72
00
08
00
00
00
56
67
61
4c
61
79
65
72
0f
00
00
00
47
72
61
70
68
69
63
73
43
6f
6e
74
65
78
74
00
06
00
00
00
57
69
6e
64
6f
77
00
00
0d
00
00
00
57
69
6e
64
6f
77
4d
61
6e
61
67
65
72
00
00
00
88
be
88
ed
