b0
02
00
01
e4
08
00
00
00
60
00
54
05
20
84
6c
02
20
20
4d
03
20
30
4d
04
20
40
4d
05
20
50
4d
06
20
60
4d
07
20
70
4d
28
20
00
4d
29
20
10
4d
2a
20
20
4d
2b
20
30
4d
2c
20
40
4d
2d
20
50
4d
2e
20
60
4d
2f
20
70
4d
50
20
00
4d
51
20
10
4d
52
20
20
4d
53
20
30
4d
54
20
40
4d
55
20
50
4d
56
20
60
4d
57
20
70
4d
78
20
00
4d
79
20
10
4d
7a
20
20
4d
7b
20
30
4d
7c
20
40
4d
7d
20
50
4d
7e
20
60
4d
7f
20
70
4d
05
00
88
6c
02
20
10
4d
04
00
08
6c
82
20
00
4d
01
00
08
6c
02
20
00
4d
02
00
08
6c
03
00
0c
6c
80
00
7c
5c
02
00
74
5c
0c
e0
00
54
00
20
08
49
01
40
80
6c
80
20
08
49
04
40
80
6c
84
20
08
49
10
40
80
6c
88
20
08
49
11
40
80
6c
8c
20
08
49
12
40
80
6c
90
20
08
49
13
40
80
6c
94
20
08
49
14
40
80
6c
98
20
08
49
15
40
80
6c
9c
20
08
49
16
40
80
6c
a0
20
08
49
17
40
80
6c
04
20
08
49
05
40
80
6c
08
20
08
49
0c
20
0c
49
10
20
10
49
14
20
14
49
18
20
18
49
1c
20
1c
49
20
20
20
49
24
20
24
49
28
20
28
49
2c
20
2c
49
30
20
30
49
34
20
34
49
38
20
38
49
3c
20
3c
49
40
20
40
49
44
20
44
49
48
20
48
49
4c
20
4c
49
50
20
50
49
54
20
54
49
58
20
58
49
5c
20
5c
49
60
20
60
49
64
20
64
49
68
20
68
49
6c
20
6c
49
70
20
70
49
74
20
74
49
78
20
78
49
7c
20
7c
49
05
20
84
6c
00
00
00
6d
80
00
7c
5c
02
00
74
5c
1b
20
01
54
00
00
80
6d
fc
3f
08
49
02
00
80
6d
00
c0
03
58
10
e0
ff
46
00
1c
1c
5c
00
20
8c
51
2d
00
88
44
02
e0
40
4d
01
00
84
42
00
e0
9b
40
0a
20
08
6b
0a
20
04
6a
30
40
08
46
02
c0
00
4c
01
c0
18
46
e0
3f
e8
50
01
c0
98
46
00
c0
04
48
01
00
80
6d
ff
df
f0
50
10
e0
7f
46
00
c0
03
58
00
00
88
40
07
00
8c
44
12
00
00
54
00
00
00
54
00
1c
10
5c
10
80
10
49
00
00
94
40
e5
9f
70
50
dc
3f
90
45
04
20
84
45
09
00
94
44
04
a0
84
51
04
00
00
54
30
80
10
46
00
1c
14
5c
04
a0
40
4d
03
00
00
54
37
80
10
46
00
1c
14
5c
04
a0
40
4d
01
40
08
46
e2
7f
b4
51
00
c0
03
58
0a
20
88
6a
0a
20
84
6b
00
00
00
54
00
1c
0c
5c
10
60
0c
49
03
00
90
44
e4
7f
70
51
00
00
8c
40
03
40
04
50
04
00
00
54
20
00
88
44
00
1c
0c
5c
02
60
40
4d
03
00
00
54
30
40
08
46
00
1c
0c
5c
02
60
40
4d
30
20
04
46
00
1c
08
5c
01
40
40
4d
00
c0
03
58
00
00
00
54
00
1c
08
5c
10
40
08
49
00
00
8c
40
e3
5f
70
50
00
1c
08
5c
01
40
40
4d
00
c0
03
58
fc
3f
08
49
01
40
08
68
02
20
08
42
09
00
00
54
00
20
0c
48
00
00
00
54
00
1c
10
5c
10
80
10
49
00
00
94
40
e5
9f
70
50
00
1c
10
5c
03
80
40
4d
01
20
04
46
e2
3f
58
51
00
c0
03
58
00
00
8c
40
0c
00
00
54
00
00
00
54
00
1c
10
5c
10
80
10
49
00
00
94
40
e5
9f
70
50
fc
3f
10
49
00
60
90
45
04
20
10
42
00
80
10
48
00
1c
14
5c
04
a0
40
4d
01
60
0c
46
e2
7f
4c
51
00
c0
03
58
10
e0
ff
46
09
e0
03
4d
0a
e0
13
4d
0b
e0
23
4d
1e
e0
33
4d
00
20
a4
40
00
40
a8
40
1c
e0
04
60
f8
df
fb
57
00
40
85
40
e2
bf
fb
57
1b
e0
04
60
f4
df
fb
57
00
00
84
40
fc
3f
09
49
02
20
84
45
01
20
05
42
00
20
04
49
fa
9f
fb
57
15
e0
04
60
ec
df
fb
57
01
00
a8
44
1f
00
ac
44
13
00
00
54
00
40
85
40
ea
bf
fb
57
10
e0
04
60
e5
df
fb
57
fc
3f
05
49
02
40
85
45
01
20
05
42
00
20
04
49
ec
9f
fb
57
07
40
05
44
07
00
88
44
02
20
04
50
03
00
00
54
03
e0
04
60
fa
bf
fb
57
02
00
00
54
04
e0
04
60
f7
bf
fb
57
01
40
29
46
ea
7f
b1
51
06
00
78
54
00
e0
27
49
04
e0
2b
49
08
e0
2f
49
0c
e0
7b
49
10
e0
7f
46
00
c0
03
58
12
00
00
54
00
00
84
40
00
1c
08
5c
01
40
10
4d
00
00
84
40
09
80
09
5d
40
4b
88
44
01
00
00
54
01
20
04
46
e1
5f
f8
51
ff
0f
84
44
00
1c
08
5c
01
40
10
4d
00
00
84
40
09
80
09
5d
40
4b
88
44
01
00
00
54
01
20
04
46
e1
5f
f8
51
01
00
84
44
e0
3f
b0
50
00
c0
03
58
10
e0
ff
46
09
e0
03
4d
0a
e0
13
4d
0b
e0
23
4d
1e
e0
33
4d
00
20
a4
40
00
40
ac
40
00
60
a8
40
01
00
84
44
01
60
49
50
02
00
84
44
01
60
59
50
03
00
84
44
01
60
69
50
04
00
84
44
01
60
79
50
05
00
84
44
21
60
09
50
06
00
84
44
21
60
19
50
07
00
84
44
21
60
29
50
08
00
84
44
21
60
39
50
09
00
84
44
41
60
1d
50
0c
40
00
54
12
40
00
54
09
a0
04
60
fa
7f
fb
57
00
20
85
40
00
40
89
40
f6
9f
fb
57
0c
40
00
54
0b
a0
04
60
f4
7f
fb
57
00
20
85
40
00
40
89
40
f0
9f
fb
57
06
40
00
54
0d
a0
04
60
ee
7f
fb
57
00
20
85
40
00
40
89
40
ea
9f
fb
57
00
40
00
54
0f
a0
04
60
e8
7f
fb
57
00
20
85
40
00
40
89
40
e4
9f
fb
57
1a
20
00
54
11
a0
04
60
e2
7f
fb
57
00
20
85
40
00
40
89
40
fe
7f
fb
57
14
20
00
54
13
a0
04
60
fc
5f
fb
57
00
20
85
40
00
40
89
40
f8
7f
fb
57
0e
20
00
54
15
a0
04
60
f6
5f
fb
57
00
20
85
40
00
40
89
40
f2
7f
fb
57
08
20
00
54
00
00
84
40
01
40
19
50
01
00
84
44
01
40
29
50
02
00
84
44
01
40
2d
50
0e
00
00
54
12
00
00
54
0f
a0
04
60
e8
5f
fb
57
00
20
85
40
00
40
89
40
e4
7f
fb
57
0c
00
00
54
04
20
05
49
fa
3f
fb
57
09
00
00
54
04
20
05
49
08
20
09
49
ed
5f
fb
57
05
00
00
54
08
a0
04
60
fb
3f
fb
57
00
20
85
40
00
40
89
40
f7
5f
fb
57
0d
00
00
54
08
a0
04
60
f5
3f
fb
57
00
20
85
40
00
40
89
40
f1
5f
fb
57
07
00
00
54
0a
a0
04
60
ef
3f
fb
57
00
60
85
40
f0
1f
fb
57
00
20
85
40
00
40
89
40
e9
5f
fb
57
00
20
05
49
04
20
04
46
01
20
01
4d
00
20
85
40
e1
bf
fa
57
00
e0
27
49
04
e0
2b
49
08
e0
2f
49
0c
e0
7b
49
10
e0
7f
46
00
c0
03
58
04
00
04
5c
01
a0
03
4d
00
20
04
5c
01
a0
13
4d
00
c0
03
58
00
a0
23
49
00
a0
0b
49
01
40
04
42
01
a0
03
4d
00
c0
03
58
04
a0
23
49
04
a0
0b
49
01
40
04
42
01
a0
13
4d
00
c0
03
58
08
e0
ff
46
09
e0
03
4d
1e
e0
13
4d
09
80
04
60
eb
1f
fb
57
eb
ff
fb
57
00
01
84
44
ee
ff
fb
57
00
00
a5
40
1a
00
04
60
01
20
01
4d
02
00
04
5c
ee
ff
fb
57
02
00
04
5c
01
00
05
42
61
20
71
4d
00
00
85
40
0d
20
84
44
81
20
11
4d
02
00
04
5c
e6
ff
fb
57
68
20
51
4d
00
00
85
40
0d
20
84
44
81
20
21
4d
e0
ff
87
5f
0b
24
84
44
81
20
31
4d
e8
bf
86
63
61
20
61
4d
00
20
85
40
ec
7f
fa
57
00
e0
27
49
04
e0
7b
49
08
e0
7f
46
00
c0
03
58
04
e0
ff
46
1e
e0
03
4d
0b
60
04
60
fe
9f
fa
57
00
e0
7b
49
04
e0
7f
46
00
c0
03
58
00
c0
03
58
00
c0
03
58
00
c0
03
58
28
00
00
00
d4
08
ff
ff
a4
00
00
00
e0
08
ff
ff
05
00
00
00
44
41
54
41
3d
00
00
00
04
00
00
00
20
50
43
3d
01
00
00
00
0a
00
00
00
01
00
00
00
3d
00
00
00
01
00
00
00
20
00
00
00
1b
00
00
00
49
4e
53
54
52
55
43
54
49
4f
4e
5f
41
43
43
45
53
53
5f
46
41
55
4c
54
20
20
20
00
1b
00
00
00
49
4c
4c
45
47
41
4c
20
49
4e
53
54
52
55
43
54
49
4f
4e
20
20
20
20
20
20
20
20
00
1b
00
00
00
42
52
45
41
4b
50
4f
49
4e
54
20
20
20
20
20
20
20
20
20
20
20
20
20
20
20
20
20
00
1b
00
00
00
4c
4f
41
44
20
41
44
44
52
45
53
53
20
4d
49
53
41
4c
49
47
4e
45
44
20
20
20
20
00
1b
00
00
00
4c
4f
41
44
20
41
43
43
45
53
53
20
46
41
55
4c
54
20
20
20
20
20
20
20
20
20
20
00
1b
00
00
00
53
54
4f
52
45
20
41
44
44
52
45
53
53
20
4d
49
53
41
4c
49
47
4e
45
44
20
20
20
00
1b
00
00
00
53
54
4f
52
45
20
41
43
43
45
53
53
20
46
41
55
4c
54
20
20
20
20
20
20
20
20
20
00
12
00
00
00
50
72
6f
67
72
61
6d
20
63
6f
6d
70
6c
65
74
65
64
0a
00
00
14
00
00
00
55
6e
6b
6e
6f
77
6e
20
73
79
73
74
65
6d
20
63
61
6c
6c
20
1b
00
00
00
49
4e
44
45
58
20
4f
56
45
52
46
4c
4f
57
20
20
20
20
20
20
20
20
20
20
20
20
20
00
06
00
00
00
4f
54
48
45
52
20
00
00
0f
00
00
00
4f
53
20
53
74
61
72
74
69
6e
67
20
75
70
0a
00
0c
00
00
00
48
65
6c
6c
6f
20
77
6f
72
6c
64
0a
06
00
00
00
48
77
52
65
67
73
00
00
03
00
00
00
54
43
42
00
33
17
24
44
